[1200, 0]
[0, 1200]
[237, 132]

[0, 1200]
[1200, 0]
[-1200, -1200]

[0, 1200]
[-1200, -1200]
[177, 116]

[-1200, -1200]
[1200, 0]
[229, 70]

[-1200, -1200]
[193, 66]
[187, 66]

[193, 66]
[-1200, -1200]
[229, 70]

[-1200, -1200]
[176, 86]
[176, 96]

[176, 86]
[-1200, -1200]
[177, 76]

[177, 76]
[-1200, -1200]
[182, 70]

[176, 86]
[199, 100]
[176, 96]

[199, 100]
[176, 86]
[192, 77]

[-1200, -1200]
[176, 96]
[176, 106]

[176, 86]
[177, 76]
[189, 75]

[192, 115]
[199, 100]
[197, 112]

[199, 100]
[192, 115]
[176, 106]

[-1200, -1200]
[176, 106]
[177, 116]

[206, 115]
[206, 116]
[202, 115]

[206, 116]
[206, 115]
[210, 116]

[176, 106]
[176, 96]
[199, 100]

[201, 120]
[206, 116]
[206, 120]

[206, 116]
[201, 120]
[202, 115]

[0, 1200]
[177, 116]
[181, 126]

[177, 116]
[176, 106]
[192, 115]

[199, 100]
[207, 89]
[206, 95]

[207, 89]
[199, 100]
[196, 77]

[0, 1200]
[181, 126]
[187, 134]

[181, 126]
[177, 116]
[192, 115]

[215, 101]
[206, 95]
[207, 89]

[206, 95]
[215, 101]
[211, 102]

[0, 1200]
[187, 134]
[195, 141]

[187, 134]
[181, 126]
[196, 118]

[224, 117]
[228, 138]
[216, 120]

[228, 138]
[224, 117]
[237, 132]

[0, 1200]
[195, 141]
[205, 143]

[195, 141]
[187, 134]
[201, 120]

[251, 104]
[224, 117]
[215, 101]

[224, 117]
[251, 104]
[249, 114]

[0, 1200]
[205, 143]
[216, 142]

[205, 143]
[195, 141]
[201, 120]

[0, 1200]
[228, 138]
[237, 132]

[228, 138]
[0, 1200]
[216, 142]

[216, 142]
[205, 143]
[210, 120]

[228, 138]
[216, 142]
[216, 120]

[207, 89]
[196, 77]
[201, 77]

[1200, 0]
[237, 132]
[245, 124]

[222, 71]
[224, 77]
[220, 79]

[224, 77]
[222, 71]
[229, 70]

[1200, 0]
[245, 124]
[249, 114]

[245, 124]
[237, 132]
[224, 117]

[200, 69]
[197, 74]
[193, 66]

[197, 74]
[200, 69]
[201, 77]

[1200, 0]
[249, 114]
[251, 104]

[249, 114]
[245, 124]
[224, 117]

[193, 74]
[196, 77]
[192, 77]

[196, 77]
[193, 74]
[197, 74]

[1200, 0]
[251, 104]
[253, 93]

[187, 66]
[189, 75]
[182, 70]

[189, 75]
[187, 66]
[193, 74]

[1200, 0]
[253, 93]
[254, 82]

[253, 93]
[251, 104]
[233, 80]

[189, 75]
[177, 76]
[182, 70]

[1200, 0]
[254, 82]
[237, 72]

[254, 82]
[253, 93]
[242, 76]

[193, 74]
[187, 66]
[193, 66]

[182, 70]
[-1200, -1200]
[187, 66]

[201, 77]
[206, 72]
[209, 77]

[206, 72]
[201, 77]
[200, 69]

[215, 101]
[207, 89]
[220, 79]

[193, 66]
[229, 70]
[222, 71]

[215, 73]
[222, 71]
[220, 79]

[222, 71]
[215, 73]
[206, 72]

[200, 69]
[193, 66]
[222, 71]

[200, 69]
[222, 71]
[206, 72]

[220, 79]
[207, 89]
[208, 83]

[215, 73]
[220, 79]
[209, 77]

[209, 77]
[220, 79]
[208, 83]

[229, 77]
[229, 81]
[224, 80]

[229, 81]
[229, 77]
[233, 80]

[206, 72]
[215, 73]
[209, 77]

[229, 77]
[237, 72]
[233, 80]

[237, 72]
[229, 77]
[229, 70]

[251, 104]
[229, 81]
[233, 80]

[229, 81]
[251, 104]
[215, 101]

[229, 70]
[1200, 0]
[237, 72]

[237, 72]
[254, 82]
[242, 76]

[242, 76]
[253, 93]
[233, 80]

[237, 72]
[242, 76]
[233, 80]

[199, 100]
[192, 77]
[196, 77]

[209, 77]
[208, 83]
[201, 77]

[206, 103]
[211, 112]
[206, 112]

[211, 112]
[206, 103]
[211, 102]

[208, 83]
[207, 89]
[201, 77]

[206, 115]
[211, 115]
[210, 116]

[211, 115]
[206, 115]
[211, 112]

[205, 143]
[201, 120]
[206, 120]

[197, 112]
[202, 102]
[202, 111]

[202, 102]
[197, 112]
[199, 100]

[199, 100]
[206, 95]
[202, 102]

[206, 103]
[202, 111]
[202, 102]

[202, 111]
[206, 103]
[206, 112]

[202, 102]
[206, 95]
[206, 103]

[224, 117]
[216, 120]
[221, 117]

[206, 103]
[206, 95]
[211, 102]

[215, 101]
[224, 117]
[217, 114]

[211, 102]
[215, 101]
[211, 112]

[229, 77]
[224, 80]
[224, 77]

[193, 74]
[193, 66]
[197, 74]

[176, 86]
[189, 75]
[192, 77]

[189, 75]
[193, 74]
[192, 77]

[196, 77]
[197, 74]
[201, 77]

[215, 101]
[220, 79]
[224, 80]

[229, 70]
[229, 77]
[224, 77]

[220, 79]
[224, 77]
[224, 80]

[229, 81]
[215, 101]
[224, 80]

[181, 126]
[192, 115]
[196, 118]

[192, 115]
[197, 112]
[194, 115]

[202, 115]
[197, 112]
[202, 111]

[197, 112]
[202, 115]
[196, 118]

[210, 120]
[205, 143]
[206, 120]

[202, 111]
[206, 112]
[202, 115]

[216, 120]
[211, 115]
[217, 114]

[211, 115]
[216, 120]
[210, 120]

[206, 112]
[211, 112]
[206, 115]

[211, 112]
[215, 101]
[217, 114]

[211, 112]
[217, 114]
[211, 115]

[217, 114]
[224, 117]
[221, 117]

[216, 120]
[217, 114]
[221, 117]

[216, 120]
[216, 142]
[210, 120]

[196, 118]
[202, 115]
[201, 120]

[210, 120]
[206, 120]
[210, 116]

[197, 112]
[196, 118]
[194, 115]

[201, 120]
[187, 134]
[196, 118]

[196, 118]
[192, 115]
[194, 115]

[202, 115]
[206, 112]
[206, 115]

[210, 116]
[206, 120]
[206, 116]

[211, 115]
[210, 120]
[210, 116]

