[1200, 0]
[0, 1200]
[221, 287]

[0, 1200]
[1200, 0]
[-1200, -1200]

[0, 1200]
[-1200, -1200]
[67, 169]

[-1200, -1200]
[1200, 0]
[249, 99]

[99, 137]
[64, 141]
[76, 121]

[64, 141]
[99, 137]
[67, 169]

[67, 169]
[-1200, -1200]
[64, 141]

[64, 141]
[-1200, -1200]
[76, 121]

[200, 304]
[191, 269]
[221, 287]

[191, 269]
[200, 304]
[177, 271]

[0, 1200]
[67, 169]
[73, 196]

[174, 181]
[142, 140]
[172, 159]

[142, 140]
[174, 181]
[127, 142]

[0, 1200]
[73, 196]
[80, 223]

[73, 196]
[67, 169]
[112, 142]

[130, 286]
[145, 259]
[162, 270]

[145, 259]
[130, 286]
[111, 267]

[0, 1200]
[80, 223]
[93, 247]

[80, 223]
[73, 196]
[129, 233]

[177, 271]
[175, 309]
[162, 270]

[175, 309]
[177, 271]
[200, 304]

[0, 1200]
[93, 247]
[111, 267]

[93, 247]
[80, 223]
[129, 233]

[217, 233]
[239, 267]
[209, 257]

[239, 267]
[217, 233]
[223, 230]

[0, 1200]
[111, 267]
[130, 286]

[111, 267]
[93, 247]
[129, 233]

[145, 259]
[163, 238]
[162, 255]

[163, 238]
[145, 259]
[145, 231]

[0, 1200]
[130, 286]
[150, 303]

[112, 142]
[67, 169]
[99, 137]

[0, 1200]
[150, 303]
[175, 309]

[150, 303]
[130, 286]
[162, 270]

[176, 204]
[201, 208]
[189, 213]

[201, 208]
[176, 204]
[174, 181]

[0, 1200]
[175, 309]
[200, 304]

[175, 309]
[150, 303]
[162, 270]

[221, 287]
[0, 1200]
[200, 304]

[1200, 0]
[221, 287]
[239, 267]

[142, 140]
[148, 118]
[171, 136]

[148, 118]
[142, 140]
[128, 127]

[1200, 0]
[239, 267]
[257, 246]

[239, 267]
[221, 287]
[209, 257]

[275, 194]
[233, 135]
[278, 164]

[233, 135]
[275, 194]
[201, 208]

[1200, 0]
[257, 246]
[269, 222]

[257, 246]
[239, 267]
[223, 230]

[127, 142]
[128, 127]
[142, 140]

[128, 127]
[127, 142]
[112, 128]

[1200, 0]
[269, 222]
[275, 194]

[269, 222]
[257, 246]
[223, 230]

[112, 128]
[127, 142]
[112, 142]

[1200, 0]
[275, 194]
[278, 164]

[275, 194]
[269, 222]
[223, 230]

[90, 110]
[99, 137]
[76, 121]

[99, 137]
[90, 110]
[112, 128]

[1200, 0]
[278, 164]
[278, 135]

[1200, 0]
[278, 135]
[267, 107]

[278, 135]
[278, 164]
[245, 128]

[209, 106]
[216, 123]
[191, 116]

[216, 123]
[209, 106]
[228, 100]

[76, 121]
[-1200, -1200]
[90, 110]

[151, 211]
[112, 142]
[127, 142]

[112, 142]
[151, 211]
[73, 196]

[90, 110]
[-1200, -1200]
[110, 108]

[203, 136]
[174, 181]
[172, 159]

[174, 181]
[203, 136]
[201, 208]

[110, 108]
[-1200, -1200]
[228, 100]

[191, 116]
[216, 123]
[203, 136]

[90, 110]
[110, 108]
[112, 128]

[129, 111]
[209, 106]
[148, 118]

[209, 106]
[129, 111]
[228, 100]

[148, 118]
[191, 116]
[171, 136]

[191, 116]
[148, 118]
[209, 106]

[110, 108]
[129, 111]
[112, 128]

[129, 111]
[110, 108]
[228, 100]

[129, 111]
[148, 118]
[128, 127]

[203, 136]
[171, 136]
[191, 116]

[171, 136]
[203, 136]
[172, 159]

[201, 208]
[203, 136]
[218, 136]

[233, 135]
[231, 120]
[245, 128]

[231, 120]
[233, 135]
[218, 136]

[231, 120]
[218, 136]
[216, 123]

[228, 100]
[-1200, -1200]
[249, 99]

[249, 99]
[231, 120]
[228, 100]

[231, 120]
[249, 99]
[245, 128]

[249, 99]
[1200, 0]
[267, 107]

[267, 107]
[278, 135]
[245, 128]

[249, 99]
[267, 107]
[245, 128]

[174, 181]
[151, 211]
[127, 142]

[151, 211]
[174, 181]
[176, 204]

[171, 136]
[172, 159]
[142, 140]

[275, 194]
[223, 230]
[201, 208]

[73, 196]
[151, 211]
[129, 233]

[189, 213]
[189, 229]
[176, 218]

[189, 229]
[189, 213]
[207, 229]

[145, 231]
[151, 211]
[162, 230]

[151, 211]
[145, 231]
[129, 233]

[176, 218]
[189, 229]
[176, 233]

[162, 230]
[151, 211]
[163, 214]

[151, 211]
[176, 204]
[163, 214]

[191, 269]
[176, 257]
[191, 254]

[176, 257]
[191, 269]
[177, 271]

[163, 214]
[176, 204]
[176, 218]

[191, 254]
[176, 239]
[190, 237]

[176, 239]
[191, 254]
[176, 257]

[163, 214]
[176, 218]
[162, 230]

[176, 218]
[176, 204]
[189, 213]

[201, 208]
[223, 230]
[207, 229]

[189, 213]
[201, 208]
[207, 229]

[129, 111]
[128, 127]
[112, 128]

[99, 137]
[112, 128]
[112, 142]

[278, 164]
[233, 135]
[245, 128]

[228, 100]
[231, 120]
[216, 123]

[203, 136]
[216, 123]
[218, 136]

[233, 135]
[201, 208]
[218, 136]

[111, 267]
[129, 233]
[145, 259]

[129, 233]
[145, 231]
[135, 235]

[145, 231]
[145, 259]
[135, 235]

[145, 231]
[162, 230]
[163, 238]

[162, 230]
[176, 218]
[176, 233]

[162, 230]
[176, 233]
[163, 238]

[221, 287]
[191, 269]
[209, 257]

[176, 233]
[189, 229]
[190, 237]

[189, 229]
[207, 229]
[190, 237]

[207, 229]
[223, 230]
[217, 233]

[190, 237]
[207, 229]
[209, 257]

[209, 257]
[207, 229]
[217, 233]

[176, 233]
[190, 237]
[176, 239]

[209, 257]
[191, 269]
[191, 254]

[176, 239]
[162, 255]
[163, 238]

[162, 255]
[176, 239]
[176, 257]

[177, 271]
[162, 270]
[176, 257]

[145, 259]
[129, 233]
[135, 235]

[162, 270]
[145, 259]
[162, 255]

[162, 270]
[162, 255]
[176, 257]

[163, 238]
[176, 233]
[176, 239]

[190, 237]
[209, 257]
[191, 254]

