95
132
98
151
102
170
106
189
114
207
125
222
138
235
153
246
170
250
186
248
200
237
213
225
223
209
231
192
235
172
239
152
241
132
107
119
117
114
130
114
142
117
154
122
183
122
195
117
208
114
221
113
232
119
169
134
168
147
168
161
168
175
155
181
162
184
168
186
175
184
181
182
120
134
129
129
140
129
148
137
139
139
128
139
189
137
198
129
209
129
217
134
210
139
199
139
144
206
154
201
162
199
169
201
175
199
185
202
196
206
185
216
176
219
169
220
162
219
153
215
149
206
162
204
169
205
175
204
191
207
175
209
169
210
162
209
