162
186
165
213
169
238
175
264
188
286
209
303
235
314
261
324
287
324
310
318
327
302
342
285
352
264
354
242
355
220
356
198
356
176
192
176
206
162
226
155
247
155
267
161
289
160
306
154
324
153
340
158
349
172
280
180
282
198
285
215
287
234
264
239
275
243
286
247
295
242
303
237
220
186
230
179
242
179
252
186
242
187
230
188
301
183
310
176
321
176
330
182
322
184
312
184
237
262
256
258
272
257
285
258
296
256
308
256
321
258
310
270
299
277
287
279
274
278
256
273
243
263
273
261
285
261
297
260
315
260
298
269
286
271
273
270
